1.499760e-32 7.689621e-18 1.534889e-17 2.294759e-17 3.045573e-17 3.784367e-17 4.508226e-17 5.214292e-17 5.899781e-17 6.561986e-17 7.198293e-17 7.806192e-17 8.383284e-17 8.927291e-17 9.436066e-17 9.907601e-17 1.034003e-16 1.073166e-16 1.108094e-16 1.138648e-16 1.164708e-16 1.186172e-16 1.202955e-16 1.214990e-16 1.222230e-16 1.224647e-16 1.222230e-16 1.214990e-16 1.202955e-16 1.186172e-16 1.164708e-16 1.138648e-16 1.108094e-16 1.073166e-16 1.034003e-16 9.907601e-17 9.436066e-17 8.927291e-17 8.383284e-17 7.806192e-17 7.198293e-17 6.561986e-17 5.899781e-17 5.214292e-17 4.508226e-17 3.784367e-17 3.045573e-17 2.294759e-17 1.534889e-17 7.689621e-18 -0.000000e+00 -7.689621e-18 -1.534889e-17 -2.294759e-17 -3.045573e-17 -3.784367e-17 -4.508226e-17 -5.214292e-17 -5.899781e-17 -6.561986e-17 -7.198293e-17 -7.806192e-17 -8.383284e-17 -8.927291e-17 -9.436066e-17 -9.907601e-17 -1.034003e-16 -1.073166e-16 -1.108094e-16 -1.138648e-16 -1.164708e-16 -1.186172e-16 -1.202955e-16 -1.214990e-16 -1.222230e-16 -1.224647e-16 -1.222230e-16 -1.214990e-16 -1.202955e-16 -1.186172e-16 -1.164708e-16 -1.138648e-16 -1.108094e-16 -1.073166e-16 -1.034003e-16 -9.907601e-17 -9.436066e-17 -8.927291e-17 -8.383284e-17 -7.806192e-17 -7.198293e-17 -6.561986e-17 -5.899781e-17 -5.214292e-17 -4.508226e-17 -3.784367e-17 -3.045573e-17 -2.294759e-17 -1.534889e-17 -7.689621e-18 -1.499760e-32
7.689621e-18 3.942649e-03 7.869739e-03 1.176577e-02 1.561537e-02 1.940334e-02 2.311473e-02 2.673490e-02 3.024956e-02 3.364484e-02 3.690734e-02 4.002418e-02 4.298307e-02 4.577232e-02 4.838093e-02 5.079860e-02 5.301579e-02 5.502375e-02 5.681456e-02 5.838115e-02 5.971733e-02 6.081784e-02 6.167833e-02 6.229540e-02 6.266662e-02 6.279052e-02 6.266662e-02 6.229540e-02 6.167833e-02 6.081784e-02 5.971733e-02 5.838115e-02 5.681456e-02 5.502375e-02 5.301579e-02 5.079860e-02 4.838093e-02 4.577232e-02 4.298307e-02 4.002418e-02 3.690734e-02 3.364484e-02 3.024956e-02 2.673490e-02 2.311473e-02 1.940334e-02 1.561537e-02 1.176577e-02 7.869739e-03 3.942649e-03 -0.000000e+00 -3.942649e-03 -7.869739e-03 -1.176577e-02 -1.561537e-02 -1.940334e-02 -2.311473e-02 -2.673490e-02 -3.024956e-02 -3.364484e-02 -3.690734e-02 -4.002418e-02 -4.298307e-02 -4.577232e-02 -4.838093e-02 -5.079860e-02 -5.301579e-02 -5.502375e-02 -5.681456e-02 -5.838115e-02 -5.971733e-02 -6.081784e-02 -6.167833e-02 -6.229540e-02 -6.266662e-02 -6.279052e-02 -6.266662e-02 -6.229540e-02 -6.167833e-02 -6.081784e-02 -5.971733e-02 -5.838115e-02 -5.681456e-02 -5.502375e-02 -5.301579e-02 -5.079860e-02 -4.838093e-02 -4.577232e-02 -4.298307e-02 -4.002418e-02 -3.690734e-02 -3.364484e-02 -3.024956e-02 -2.673490e-02 -2.311473e-02 -1.940334e-02 -1.561537e-02 -1.176577e-02 -7.869739e-03 -3.942649e-03 -7.689621e-18
1.534889e-17 7.869739e-03 1.570842e-02 2.348511e-02 3.116911e-02 3.873010e-02 4.613824e-02 5.336430e-02 6.037975e-02 6.715690e-02 7.366903e-02 7.989041e-02 8.579650e-02 9.136400e-02 9.657092e-02 1.013967e-01 1.058223e-01 1.098303e-01 1.134049e-01 1.165319e-01 1.191990e-01 1.213957e-01 1.231132e-01 1.243449e-01 1.250859e-01 1.253332e-01 1.250859e-01 1.243449e-01 1.231132e-01 1.213957e-01 1.191990e-01 1.165319e-01 1.134049e-01 1.098303e-01 1.058223e-01 1.013967e-01 9.657092e-02 9.136400e-02 8.579650e-02 7.989041e-02 7.366903e-02 6.715690e-02 6.037975e-02 5.336430e-02 4.613824e-02 3.873010e-02 3.116911e-02 2.348511e-02 1.570842e-02 7.869739e-03 -0.000000e+00 -7.869739e-03 -1.570842e-02 -2.348511e-02 -3.116911e-02 -3.873010e-02 -4.613824e-02 -5.336430e-02 -6.037975e-02 -6.715690e-02 -7.366903e-02 -7.989041e-02 -8.579650e-02 -9.136400e-02 -9.657092e-02 -1.013967e-01 -1.058223e-01 -1.098303e-01 -1.134049e-01 -1.165319e-01 -1.191990e-01 -1.213957e-01 -1.231132e-01 -1.243449e-01 -1.250859e-01 -1.253332e-01 -1.250859e-01 -1.243449e-01 -1.231132e-01 -1.213957e-01 -1.191990e-01 -1.165319e-01 -1.134049e-01 -1.098303e-01 -1.058223e-01 -1.013967e-01 -9.657092e-02 -9.136400e-02 -8.579650e-02 -7.989041e-02 -7.366903e-02 -6.715690e-02 -6.037975e-02 -5.336430e-02 -4.613824e-02 -3.873010e-02 -3.116911e-02 -2.348511e-02 -1.570842e-02 -7.869739e-03 -1.534889e-17
2.294759e-17 1.176577e-02 2.348511e-02 3.511176e-02 4.659984e-02 5.790401e-02 6.897966e-02 7.978308e-02 9.027164e-02 1.004039e-01 1.101400e-01 1.194413e-01 1.282713e-01 1.365951e-01 1.443798e-01 1.515947e-01 1.582113e-01 1.642035e-01 1.695477e-01 1.742227e-01 1.782102e-01 1.814944e-01 1.840623e-01 1.859038e-01 1.870116e-01 1.873813e-01 1.870116e-01 1.859038e-01 1.840623e-01 1.814944e-01 1.782102e-01 1.742227e-01 1.695477e-01 1.642035e-01 1.582113e-01 1.515947e-01 1.443798e-01 1.365951e-01 1.282713e-01 1.194413e-01 1.101400e-01 1.004039e-01 9.027164e-02 7.978308e-02 6.897966e-02 5.790401e-02 4.659984e-02 3.511176e-02 2.348511e-02 1.176577e-02 -0.000000e+00 -1.176577e-02 -2.348511e-02 -3.511176e-02 -4.659984e-02 -5.790401e-02 -6.897966e-02 -7.978308e-02 -9.027164e-02 -1.004039e-01 -1.101400e-01 -1.194413e-01 -1.282713e-01 -1.365951e-01 -1.443798e-01 -1.515947e-01 -1.582113e-01 -1.642035e-01 -1.695477e-01 -1.742227e-01 -1.782102e-01 -1.814944e-01 -1.840623e-01 -1.859038e-01 -1.870116e-01 -1.873813e-01 -1.870116e-01 -1.859038e-01 -1.840623e-01 -1.814944e-01 -1.782102e-01 -1.742227e-01 -1.695477e-01 -1.642035e-01 -1.582113e-01 -1.515947e-01 -1.443798e-01 -1.365951e-01 -1.282713e-01 -1.194413e-01 -1.101400e-01 -1.004039e-01 -9.027164e-02 -7.978308e-02 -6.897966e-02 -5.790401e-02 -4.659984e-02 -3.511176e-02 -2.348511e-02 -1.176577e-02 -2.294759e-17
3.045573e-17 1.561537e-02 3.116911e-02 4.659984e-02 6.184666e-02 7.684940e-02 9.154885e-02 1.058870e-01 1.198073e-01 1.332547e-01 1.461762e-01 1.585209e-01 1.702399e-01 1.812871e-01 1.916189e-01 2.011943e-01 2.099758e-01 2.179286e-01 2.250213e-01 2.312260e-01 2.365181e-01 2.408768e-01 2.442849e-01 2.467289e-01 2.481992e-01 2.486899e-01 2.481992e-01 2.467289e-01 2.442849e-01 2.408768e-01 2.365181e-01 2.312260e-01 2.250213e-01 2.179286e-01 2.099758e-01 2.011943e-01 1.916189e-01 1.812871e-01 1.702399e-01 1.585209e-01 1.461762e-01 1.332547e-01 1.198073e-01 1.058870e-01 9.154885e-02 7.684940e-02 6.184666e-02 4.659984e-02 3.116911e-02 1.561537e-02 -0.000000e+00 -1.561537e-02 -3.116911e-02 -4.659984e-02 -6.184666e-02 -7.684940e-02 -9.154885e-02 -1.058870e-01 -1.198073e-01 -1.332547e-01 -1.461762e-01 -1.585209e-01 -1.702399e-01 -1.812871e-01 -1.916189e-01 -2.011943e-01 -2.099758e-01 -2.179286e-01 -2.250213e-01 -2.312260e-01 -2.365181e-01 -2.408768e-01 -2.442849e-01 -2.467289e-01 -2.481992e-01 -2.486899e-01 -2.481992e-01 -2.467289e-01 -2.442849e-01 -2.408768e-01 -2.365181e-01 -2.312260e-01 -2.250213e-01 -2.179286e-01 -2.099758e-01 -2.011943e-01 -1.916189e-01 -1.812871e-01 -1.702399e-01 -1.585209e-01 -1.461762e-01 -1.332547e-01 -1.198073e-01 -1.058870e-01 -9.154885e-02 -7.684940e-02 -6.184666e-02 -4.659984e-02 -3.116911e-02 -1.561537e-02 -3.045573e-17
3.784367e-17 1.940334e-02 3.873010e-02 5.790401e-02 7.684940e-02 9.549150e-02 1.137567e-01 1.315730e-01 1.488701e-01 1.655796e-01 1.816356e-01 1.969748e-01 2.115367e-01 2.252637e-01 2.381017e-01 2.500000e-01 2.609117e-01 2.707937e-01 2.796069e-01 2.873167e-01 2.938926e-01 2.993087e-01 3.035435e-01 3.065803e-01 3.084072e-01 3.090170e-01 3.084072e-01 3.065803e-01 3.035435e-01 2.993087e-01 2.938926e-01 2.873167e-01 2.796069e-01 2.707937e-01 2.609117e-01 2.500000e-01 2.381017e-01 2.252637e-01 2.115367e-01 1.969748e-01 1.816356e-01 1.655796e-01 1.488701e-01 1.315730e-01 1.137567e-01 9.549150e-02 7.684940e-02 5.790401e-02 3.873010e-02 1.940334e-02 -0.000000e+00 -1.940334e-02 -3.873010e-02 -5.790401e-02 -7.684940e-02 -9.549150e-02 -1.137567e-01 -1.315730e-01 -1.488701e-01 -1.655796e-01 -1.816356e-01 -1.969748e-01 -2.115367e-01 -2.252637e-01 -2.381017e-01 -2.500000e-01 -2.609117e-01 -2.707937e-01 -2.796069e-01 -2.873167e-01 -2.938926e-01 -2.993087e-01 -3.035435e-01 -3.065803e-01 -3.084072e-01 -3.090170e-01 -3.084072e-01 -3.065803e-01 -3.035435e-01 -2.993087e-01 -2.938926e-01 -2.873167e-01 -2.796069e-01 -2.707937e-01 -2.609117e-01 -2.500000e-01 -2.381017e-01 -2.252637e-01 -2.115367e-01 -1.969748e-01 -1.816356e-01 -1.655796e-01 -1.488701e-01 -1.315730e-01 -1.137567e-01 -9.549150e-02 -7.684940e-02 -5.790401e-02 -3.873010e-02 -1.940334e-02 -3.784367e-17
4.508226e-17 2.311473e-02 4.613824e-02 6.897966e-02 9.154885e-02 1.137567e-01 1.355157e-01 1.567398e-01 1.773454e-01 1.972510e-01 2.163782e-01 2.346514e-01 2.519986e-01 2.683512e-01 2.836448e-01 2.978190e-01 3.108178e-01 3.225900e-01 3.330891e-01 3.422736e-01 3.501073e-01 3.565592e-01 3.616041e-01 3.652218e-01 3.673981e-01 3.681246e-01 3.673981e-01 3.652218e-01 3.616041e-01 3.565592e-01 3.501073e-01 3.422736e-01 3.330891e-01 3.225900e-01 3.108178e-01 2.978190e-01 2.836448e-01 2.683512e-01 2.519986e-01 2.346514e-01 2.163782e-01 1.972510e-01 1.773454e-01 1.567398e-01 1.355157e-01 1.137567e-01 9.154885e-02 6.897966e-02 4.613824e-02 2.311473e-02 -0.000000e+00 -2.311473e-02 -4.613824e-02 -6.897966e-02 -9.154885e-02 -1.137567e-01 -1.355157e-01 -1.567398e-01 -1.773454e-01 -1.972510e-01 -2.163782e-01 -2.346514e-01 -2.519986e-01 -2.683512e-01 -2.836448e-01 -2.978190e-01 -3.108178e-01 -3.225900e-01 -3.330891e-01 -3.422736e-01 -3.501073e-01 -3.565592e-01 -3.616041e-01 -3.652218e-01 -3.673981e-01 -3.681246e-01 -3.673981e-01 -3.652218e-01 -3.616041e-01 -3.565592e-01 -3.501073e-01 -3.422736e-01 -3.330891e-01 -3.225900e-01 -3.108178e-01 -2.978190e-01 -2.836448e-01 -2.683512e-01 -2.519986e-01 -2.346514e-01 -2.163782e-01 -1.972510e-01 -1.773454e-01 -1.567398e-01 -1.355157e-01 -1.137567e-01 -9.154885e-02 -6.897966e-02 -4.613824e-02 -2.311473e-02 -4.508226e-17
5.214292e-17 2.673490e-02 5.336430e-02 7.978308e-02 1.058870e-01 1.315730e-01 1.567398e-01 1.812880e-01 2.051207e-01 2.281440e-01 2.502668e-01 2.714019e-01 2.914660e-01 3.103797e-01 3.280686e-01 3.444627e-01 3.594973e-01 3.731132e-01 3.852566e-01 3.958796e-01 4.049402e-01 4.124027e-01 4.182376e-01 4.224219e-01 4.249391e-01 4.257793e-01 4.249391e-01 4.224219e-01 4.182376e-01 4.124027e-01 4.049402e-01 3.958796e-01 3.852566e-01 3.731132e-01 3.594973e-01 3.444627e-01 3.280686e-01 3.103797e-01 2.914660e-01 2.714019e-01 2.502668e-01 2.281440e-01 2.051207e-01 1.812880e-01 1.567398e-01 1.315730e-01 1.058870e-01 7.978308e-02 5.336430e-02 2.673490e-02 -0.000000e+00 -2.673490e-02 -5.336430e-02 -7.978308e-02 -1.058870e-01 -1.315730e-01 -1.567398e-01 -1.812880e-01 -2.051207e-01 -2.281440e-01 -2.502668e-01 -2.714019e-01 -2.914660e-01 -3.103797e-01 -3.280686e-01 -3.444627e-01 -3.594973e-01 -3.731132e-01 -3.852566e-01 -3.958796e-01 -4.049402e-01 -4.124027e-01 -4.182376e-01 -4.224219e-01 -4.249391e-01 -4.257793e-01 -4.249391e-01 -4.224219e-01 -4.182376e-01 -4.124027e-01 -4.049402e-01 -3.958796e-01 -3.852566e-01 -3.731132e-01 -3.594973e-01 -3.444627e-01 -3.280686e-01 -3.103797e-01 -2.914660e-01 -2.714019e-01 -2.502668e-01 -2.281440e-01 -2.051207e-01 -1.812880e-01 -1.567398e-01 -1.315730e-01 -1.058870e-01 -7.978308e-02 -5.336430e-02 -2.673490e-02 -5.214292e-17
5.899781e-17 3.024956e-02 6.037975e-02 9.027164e-02 1.198073e-01 1.488701e-01 1.773454e-01 2.051207e-01 2.320866e-01 2.581365e-01 2.831677e-01 3.070813e-01 3.297831e-01 3.511833e-01 3.711976e-01 3.897469e-01 4.067581e-01 4.221640e-01 4.359038e-01 4.479232e-01 4.581750e-01 4.666185e-01 4.732205e-01 4.779549e-01 4.808030e-01 4.817537e-01 4.808030e-01 4.779549e-01 4.732205e-01 4.666185e-01 4.581750e-01 4.479232e-01 4.359038e-01 4.221640e-01 4.067581e-01 3.897469e-01 3.711976e-01 3.511833e-01 3.297831e-01 3.070813e-01 2.831677e-01 2.581365e-01 2.320866e-01 2.051207e-01 1.773454e-01 1.488701e-01 1.198073e-01 9.027164e-02 6.037975e-02 3.024956e-02 -0.000000e+00 -3.024956e-02 -6.037975e-02 -9.027164e-02 -1.198073e-01 -1.488701e-01 -1.773454e-01 -2.051207e-01 -2.320866e-01 -2.581365e-01 -2.831677e-01 -3.070813e-01 -3.297831e-01 -3.511833e-01 -3.711976e-01 -3.897469e-01 -4.067581e-01 -4.221640e-01 -4.359038e-01 -4.479232e-01 -4.581750e-01 -4.666185e-01 -4.732205e-01 -4.779549e-01 -4.808030e-01 -4.817537e-01 -4.808030e-01 -4.779549e-01 -4.732205e-01 -4.666185e-01 -4.581750e-01 -4.479232e-01 -4.359038e-01 -4.221640e-01 -4.067581e-01 -3.897469e-01 -3.711976e-01 -3.511833e-01 -3.297831e-01 -3.070813e-01 -2.831677e-01 -2.581365e-01 -2.320866e-01 -2.051207e-01 -1.773454e-01 -1.488701e-01 -1.198073e-01 -9.027164e-02 -6.037975e-02 -3.024956e-02 -5.899781e-17
6.561986e-17 3.364484e-02 6.715690e-02 1.004039e-01 1.332547e-01 1.655796e-01 1.972510e-01 2.281440e-01 2.581365e-01 2.871104e-01 3.149511e-01 3.415489e-01 3.667987e-01 3.906009e-01 4.128616e-01 4.334930e-01 4.524135e-01 4.695486e-01 4.848306e-01 4.981992e-01 5.096016e-01 5.189928e-01 5.263358e-01 5.316016e-01 5.347695e-01 5.358268e-01 5.347695e-01 5.316016e-01 5.263358e-01 5.189928e-01 5.096016e-01 4.981992e-01 4.848306e-01 4.695486e-01 4.524135e-01 4.334930e-01 4.128616e-01 3.906009e-01 3.667987e-01 3.415489e-01 3.149511e-01 2.871104e-01 2.581365e-01 2.281440e-01 1.972510e-01 1.655796e-01 1.332547e-01 1.004039e-01 6.715690e-02 3.364484e-02 -0.000000e+00 -3.364484e-02 -6.715690e-02 -1.004039e-01 -1.332547e-01 -1.655796e-01 -1.972510e-01 -2.281440e-01 -2.581365e-01 -2.871104e-01 -3.149511e-01 -3.415489e-01 -3.667987e-01 -3.906009e-01 -4.128616e-01 -4.334930e-01 -4.524135e-01 -4.695486e-01 -4.848306e-01 -4.981992e-01 -5.096016e-01 -5.189928e-01 -5.263358e-01 -5.316016e-01 -5.347695e-01 -5.358268e-01 -5.347695e-01 -5.316016e-01 -5.263358e-01 -5.189928e-01 -5.096016e-01 -4.981992e-01 -4.848306e-01 -4.695486e-01 -4.524135e-01 -4.334930e-01 -4.128616e-01 -3.906009e-01 -3.667987e-01 -3.415489e-01 -3.149511e-01 -2.871104e-01 -2.581365e-01 -2.281440e-01 -1.972510e-01 -1.655796e-01 -1.332547e-01 -1.004039e-01 -6.715690e-02 -3.364484e-02 -6.561986e-17
7.198293e-17 3.690734e-02 7.366903e-02 1.101400e-01 1.461762e-01 1.816356e-01 2.163782e-01 2.502668e-01 2.831677e-01 3.149511e-01 3.454915e-01 3.746684e-01 4.023667e-01 4.284770e-01 4.528963e-01 4.755283e-01 4.962835e-01 5.150801e-01 5.318440e-01 5.465089e-01 5.590170e-01 5.693189e-01 5.773740e-01 5.831504e-01 5.866254e-01 5.877853e-01 5.866254e-01 5.831504e-01 5.773740e-01 5.693189e-01 5.590170e-01 5.465089e-01 5.318440e-01 5.150801e-01 4.962835e-01 4.755283e-01 4.528963e-01 4.284770e-01 4.023667e-01 3.746684e-01 3.454915e-01 3.149511e-01 2.831677e-01 2.502668e-01 2.163782e-01 1.816356e-01 1.461762e-01 1.101400e-01 7.366903e-02 3.690734e-02 -0.000000e+00 -3.690734e-02 -7.366903e-02 -1.101400e-01 -1.461762e-01 -1.816356e-01 -2.163782e-01 -2.502668e-01 -2.831677e-01 -3.149511e-01 -3.454915e-01 -3.746684e-01 -4.023667e-01 -4.284770e-01 -4.528963e-01 -4.755283e-01 -4.962835e-01 -5.150801e-01 -5.318440e-01 -5.465089e-01 -5.590170e-01 -5.693189e-01 -5.773740e-01 -5.831504e-01 -5.866254e-01 -5.877853e-01 -5.866254e-01 -5.831504e-01 -5.773740e-01 -5.693189e-01 -5.590170e-01 -5.465089e-01 -5.318440e-01 -5.150801e-01 -4.962835e-01 -4.755283e-01 -4.528963e-01 -4.284770e-01 -4.023667e-01 -3.746684e-01 -3.454915e-01 -3.149511e-01 -2.831677e-01 -2.502668e-01 -2.163782e-01 -1.816356e-01 -1.461762e-01 -1.101400e-01 -7.366903e-02 -3.690734e-02 -7.198293e-17
7.806192e-17 4.002418e-02 7.989041e-02 1.194413e-01 1.585209e-01 1.969748e-01 2.346514e-01 2.714019e-01 3.070813e-01 3.415489e-01 3.746684e-01 4.063093e-01 4.363467e-01 4.646621e-01 4.911436e-01 5.156868e-01 5.381949e-01 5.585789e-01 5.767585e-01 5.926618e-01 6.062262e-01 6.173981e-01 6.261335e-01 6.323977e-01 6.361662e-01 6.374240e-01 6.361662e-01 6.323977e-01 6.261335e-01 6.173981e-01 6.062262e-01 5.926618e-01 5.767585e-01 5.585789e-01 5.381949e-01 5.156868e-01 4.911436e-01 4.646621e-01 4.363467e-01 4.063093e-01 3.746684e-01 3.415489e-01 3.070813e-01 2.714019e-01 2.346514e-01 1.969748e-01 1.585209e-01 1.194413e-01 7.989041e-02 4.002418e-02 -0.000000e+00 -4.002418e-02 -7.989041e-02 -1.194413e-01 -1.585209e-01 -1.969748e-01 -2.346514e-01 -2.714019e-01 -3.070813e-01 -3.415489e-01 -3.746684e-01 -4.063093e-01 -4.363467e-01 -4.646621e-01 -4.911436e-01 -5.156868e-01 -5.381949e-01 -5.585789e-01 -5.767585e-01 -5.926618e-01 -6.062262e-01 -6.173981e-01 -6.261335e-01 -6.323977e-01 -6.361662e-01 -6.374240e-01 -6.361662e-01 -6.323977e-01 -6.261335e-01 -6.173981e-01 -6.062262e-01 -5.926618e-01 -5.767585e-01 -5.585789e-01 -5.381949e-01 -5.156868e-01 -4.911436e-01 -4.646621e-01 -4.363467e-01 -4.063093e-01 -3.746684e-01 -3.415489e-01 -3.070813e-01 -2.714019e-01 -2.346514e-01 -1.969748e-01 -1.585209e-01 -1.194413e-01 -7.989041e-02 -4.002418e-02 -7.806192e-17
8.383284e-17 4.298307e-02 8.579650e-02 1.282713e-01 1.702399e-01 2.115367e-01 2.519986e-01 2.914660e-01 3.297831e-01 3.667987e-01 4.023667e-01 4.363467e-01 4.686047e-01 4.990134e-01 5.274526e-01 5.538102e-01 5.779822e-01 5.998732e-01 6.193967e-01 6.364758e-01 6.510430e-01 6.630408e-01 6.724219e-01 6.791492e-01 6.831963e-01 6.845471e-01 6.831963e-01 6.791492e-01 6.724219e-01 6.630408e-01 6.510430e-01 6.364758e-01 6.193967e-01 5.998732e-01 5.779822e-01 5.538102e-01 5.274526e-01 4.990134e-01 4.686047e-01 4.363467e-01 4.023667e-01 3.667987e-01 3.297831e-01 2.914660e-01 2.519986e-01 2.115367e-01 1.702399e-01 1.282713e-01 8.579650e-02 4.298307e-02 -0.000000e+00 -4.298307e-02 -8.579650e-02 -1.282713e-01 -1.702399e-01 -2.115367e-01 -2.519986e-01 -2.914660e-01 -3.297831e-01 -3.667987e-01 -4.023667e-01 -4.363467e-01 -4.686047e-01 -4.990134e-01 -5.274526e-01 -5.538102e-01 -5.779822e-01 -5.998732e-01 -6.193967e-01 -6.364758e-01 -6.510430e-01 -6.630408e-01 -6.724219e-01 -6.791492e-01 -6.831963e-01 -6.845471e-01 -6.831963e-01 -6.791492e-01 -6.724219e-01 -6.630408e-01 -6.510430e-01 -6.364758e-01 -6.193967e-01 -5.998732e-01 -5.779822e-01 -5.538102e-01 -5.274526e-01 -4.990134e-01 -4.686047e-01 -4.363467e-01 -4.023667e-01 -3.667987e-01 -3.297831e-01 -2.914660e-01 -2.519986e-01 -2.115367e-01 -1.702399e-01 -1.282713e-01 -8.579650e-02 -4.298307e-02 -8.383284e-17
8.927291e-17 4.577232e-02 9.136400e-02 1.365951e-01 1.812871e-01 2.252637e-01 2.683512e-01 3.103797e-01 3.511833e-01 3.906009e-01 4.284770e-01 4.646621e-01 4.990134e-01 5.313953e-01 5.616800e-01 5.897480e-01 6.154886e-01 6.388001e-01 6.595905e-01 6.777779e-01 6.932904e-01 7.060667e-01 7.160566e-01 7.232205e-01 7.275302e-01 7.289686e-01 7.275302e-01 7.232205e-01 7.160566e-01 7.060667e-01 6.932904e-01 6.777779e-01 6.595905e-01 6.388001e-01 6.154886e-01 5.897480e-01 5.616800e-01 5.313953e-01 4.990134e-01 4.646621e-01 4.284770e-01 3.906009e-01 3.511833e-01 3.103797e-01 2.683512e-01 2.252637e-01 1.812871e-01 1.365951e-01 9.136400e-02 4.577232e-02 -0.000000e+00 -4.577232e-02 -9.136400e-02 -1.365951e-01 -1.812871e-01 -2.252637e-01 -2.683512e-01 -3.103797e-01 -3.511833e-01 -3.906009e-01 -4.284770e-01 -4.646621e-01 -4.990134e-01 -5.313953e-01 -5.616800e-01 -5.897480e-01 -6.154886e-01 -6.388001e-01 -6.595905e-01 -6.777779e-01 -6.932904e-01 -7.060667e-01 -7.160566e-01 -7.232205e-01 -7.275302e-01 -7.289686e-01 -7.275302e-01 -7.232205e-01 -7.160566e-01 -7.060667e-01 -6.932904e-01 -6.777779e-01 -6.595905e-01 -6.388001e-01 -6.154886e-01 -5.897480e-01 -5.616800e-01 -5.313953e-01 -4.990134e-01 -4.646621e-01 -4.284770e-01 -3.906009e-01 -3.511833e-01 -3.103797e-01 -2.683512e-01 -2.252637e-01 -1.812871e-01 -1.365951e-01 -9.136400e-02 -4.577232e-02 -8.927291e-17
9.436066e-17 4.838093e-02 9.657092e-02 1.443798e-01 1.916189e-01 2.381017e-01 2.836448e-01 3.280686e-01 3.711976e-01 4.128616e-01 4.528963e-01 4.911436e-01 5.274526e-01 5.616800e-01 5.936907e-01 6.233583e-01 6.505658e-01 6.752059e-01 6.971812e-01 7.164051e-01 7.328016e-01 7.463062e-01 7.568653e-01 7.644375e-01 7.689928e-01 7.705132e-01 7.689928e-01 7.644375e-01 7.568653e-01 7.463062e-01 7.328016e-01 7.164051e-01 6.971812e-01 6.752059e-01 6.505658e-01 6.233583e-01 5.936907e-01 5.616800e-01 5.274526e-01 4.911436e-01 4.528963e-01 4.128616e-01 3.711976e-01 3.280686e-01 2.836448e-01 2.381017e-01 1.916189e-01 1.443798e-01 9.657092e-02 4.838093e-02 -0.000000e+00 -4.838093e-02 -9.657092e-02 -1.443798e-01 -1.916189e-01 -2.381017e-01 -2.836448e-01 -3.280686e-01 -3.711976e-01 -4.128616e-01 -4.528963e-01 -4.911436e-01 -5.274526e-01 -5.616800e-01 -5.936907e-01 -6.233583e-01 -6.505658e-01 -6.752059e-01 -6.971812e-01 -7.164051e-01 -7.328016e-01 -7.463062e-01 -7.568653e-01 -7.644375e-01 -7.689928e-01 -7.705132e-01 -7.689928e-01 -7.644375e-01 -7.568653e-01 -7.463062e-01 -7.328016e-01 -7.164051e-01 -6.971812e-01 -6.752059e-01 -6.505658e-01 -6.233583e-01 -5.936907e-01 -5.616800e-01 -5.274526e-01 -4.911436e-01 -4.528963e-01 -4.128616e-01 -3.711976e-01 -3.280686e-01 -2.836448e-01 -2.381017e-01 -1.916189e-01 -1.443798e-01 -9.657092e-02 -4.838093e-02 -9.436066e-17
9.907601e-17 5.079860e-02 1.013967e-01 1.515947e-01 2.011943e-01 2.500000e-01 2.978190e-01 3.444627e-01 3.897469e-01 4.334930e-01 4.755283e-01 5.156868e-01 5.538102e-01 5.897480e-01 6.233583e-01 6.545085e-01 6.830756e-01 7.089470e-01 7.320205e-01 7.522050e-01 7.694209e-01 7.836002e-01 7.946871e-01 8.026377e-01 8.074206e-01 8.090170e-01 8.074206e-01 8.026377e-01 7.946871e-01 7.836002e-01 7.694209e-01 7.522050e-01 7.320205e-01 7.089470e-01 6.830756e-01 6.545085e-01 6.233583e-01 5.897480e-01 5.538102e-01 5.156868e-01 4.755283e-01 4.334930e-01 3.897469e-01 3.444627e-01 2.978190e-01 2.500000e-01 2.011943e-01 1.515947e-01 1.013967e-01 5.079860e-02 -0.000000e+00 -5.079860e-02 -1.013967e-01 -1.515947e-01 -2.011943e-01 -2.500000e-01 -2.978190e-01 -3.444627e-01 -3.897469e-01 -4.334930e-01 -4.755283e-01 -5.156868e-01 -5.538102e-01 -5.897480e-01 -6.233583e-01 -6.545085e-01 -6.830756e-01 -7.089470e-01 -7.320205e-01 -7.522050e-01 -7.694209e-01 -7.836002e-01 -7.946871e-01 -8.026377e-01 -8.074206e-01 -8.090170e-01 -8.074206e-01 -8.026377e-01 -7.946871e-01 -7.836002e-01 -7.694209e-01 -7.522050e-01 -7.320205e-01 -7.089470e-01 -6.830756e-01 -6.545085e-01 -6.233583e-01 -5.897480e-01 -5.538102e-01 -5.156868e-01 -4.755283e-01 -4.334930e-01 -3.897469e-01 -3.444627e-01 -2.978190e-01 -2.500000e-01 -2.011943e-01 -1.515947e-01 -1.013967e-01 -5.079860e-02 -9.907601e-17
1.034003e-16 5.301579e-02 1.058223e-01 1.582113e-01 2.099758e-01 2.609117e-01 3.108178e-01 3.594973e-01 4.067581e-01 4.524135e-01 4.962835e-01 5.381949e-01 5.779822e-01 6.154886e-01 6.505658e-01 6.830756e-01 7.128896e-01 7.398902e-01 7.639707e-01 7.850363e-01 8.030036e-01 8.178018e-01 8.293726e-01 8.376701e-01 8.426618e-01 8.443279e-01 8.426618e-01 8.376701e-01 8.293726e-01 8.178018e-01 8.030036e-01 7.850363e-01 7.639707e-01 7.398902e-01 7.128896e-01 6.830756e-01 6.505658e-01 6.154886e-01 5.779822e-01 5.381949e-01 4.962835e-01 4.524135e-01 4.067581e-01 3.594973e-01 3.108178e-01 2.609117e-01 2.099758e-01 1.582113e-01 1.058223e-01 5.301579e-02 -0.000000e+00 -5.301579e-02 -1.058223e-01 -1.582113e-01 -2.099758e-01 -2.609117e-01 -3.108178e-01 -3.594973e-01 -4.067581e-01 -4.524135e-01 -4.962835e-01 -5.381949e-01 -5.779822e-01 -6.154886e-01 -6.505658e-01 -6.830756e-01 -7.128896e-01 -7.398902e-01 -7.639707e-01 -7.850363e-01 -8.030036e-01 -8.178018e-01 -8.293726e-01 -8.376701e-01 -8.426618e-01 -8.443279e-01 -8.426618e-01 -8.376701e-01 -8.293726e-01 -8.178018e-01 -8.030036e-01 -7.850363e-01 -7.639707e-01 -7.398902e-01 -7.128896e-01 -6.830756e-01 -6.505658e-01 -6.154886e-01 -5.779822e-01 -5.381949e-01 -4.962835e-01 -4.524135e-01 -4.067581e-01 -3.594973e-01 -3.108178e-01 -2.609117e-01 -2.099758e-01 -1.582113e-01 -1.058223e-01 -5.301579e-02 -1.034003e-16
1.073166e-16 5.502375e-02 1.098303e-01 1.642035e-01 2.179286e-01 2.707937e-01 3.225900e-01 3.731132e-01 4.221640e-01 4.695486e-01 5.150801e-01 5.585789e-01 5.998732e-01 6.388001e-01 6.752059e-01 7.089470e-01 7.398902e-01 7.679134e-01 7.929060e-01 8.147693e-01 8.334172e-01 8.487759e-01 8.607849e-01 8.693967e-01 8.745775e-01 8.763067e-01 8.745775e-01 8.693967e-01 8.607849e-01 8.487759e-01 8.334172e-01 8.147693e-01 7.929060e-01 7.679134e-01 7.398902e-01 7.089470e-01 6.752059e-01 6.388001e-01 5.998732e-01 5.585789e-01 5.150801e-01 4.695486e-01 4.221640e-01 3.731132e-01 3.225900e-01 2.707937e-01 2.179286e-01 1.642035e-01 1.098303e-01 5.502375e-02 -0.000000e+00 -5.502375e-02 -1.098303e-01 -1.642035e-01 -2.179286e-01 -2.707937e-01 -3.225900e-01 -3.731132e-01 -4.221640e-01 -4.695486e-01 -5.150801e-01 -5.585789e-01 -5.998732e-01 -6.388001e-01 -6.752059e-01 -7.089470e-01 -7.398902e-01 -7.679134e-01 -7.929060e-01 -8.147693e-01 -8.334172e-01 -8.487759e-01 -8.607849e-01 -8.693967e-01 -8.745775e-01 -8.763067e-01 -8.745775e-01 -8.693967e-01 -8.607849e-01 -8.487759e-01 -8.334172e-01 -8.147693e-01 -7.929060e-01 -7.679134e-01 -7.398902e-01 -7.089470e-01 -6.752059e-01 -6.388001e-01 -5.998732e-01 -5.585789e-01 -5.150801e-01 -4.695486e-01 -4.221640e-01 -3.731132e-01 -3.225900e-01 -2.707937e-01 -2.179286e-01 -1.642035e-01 -1.098303e-01 -5.502375e-02 -1.073166e-16
1.108094e-16 5.681456e-02 1.134049e-01 1.695477e-01 2.250213e-01 2.796069e-01 3.330891e-01 3.852566e-01 4.359038e-01 4.848306e-01 5.318440e-01 5.767585e-01 6.193967e-01 6.595905e-01 6.971812e-01 7.320205e-01 7.639707e-01 7.929060e-01 8.187120e-01 8.412869e-01 8.605417e-01 8.764002e-01 8.888001e-01 8.976922e-01 9.030416e-01 9.048271e-01 9.030416e-01 8.976922e-01 8.888001e-01 8.764002e-01 8.605417e-01 8.412869e-01 8.187120e-01 7.929060e-01 7.639707e-01 7.320205e-01 6.971812e-01 6.595905e-01 6.193967e-01 5.767585e-01 5.318440e-01 4.848306e-01 4.359038e-01 3.852566e-01 3.330891e-01 2.796069e-01 2.250213e-01 1.695477e-01 1.134049e-01 5.681456e-02 -0.000000e+00 -5.681456e-02 -1.134049e-01 -1.695477e-01 -2.250213e-01 -2.796069e-01 -3.330891e-01 -3.852566e-01 -4.359038e-01 -4.848306e-01 -5.318440e-01 -5.767585e-01 -6.193967e-01 -6.595905e-01 -6.971812e-01 -7.320205e-01 -7.639707e-01 -7.929060e-01 -8.187120e-01 -8.412869e-01 -8.605417e-01 -8.764002e-01 -8.888001e-01 -8.976922e-01 -9.030416e-01 -9.048271e-01 -9.030416e-01 -8.976922e-01 -8.888001e-01 -8.764002e-01 -8.605417e-01 -8.412869e-01 -8.187120e-01 -7.929060e-01 -7.639707e-01 -7.320205e-01 -6.971812e-01 -6.595905e-01 -6.193967e-01 -5.767585e-01 -5.318440e-01 -4.848306e-01 -4.359038e-01 -3.852566e-01 -3.330891e-01 -2.796069e-01 -2.250213e-01 -1.695477e-01 -1.134049e-01 -5.681456e-02 -1.108094e-16
1.138648e-16 5.838115e-02 1.165319e-01 1.742227e-01 2.312260e-01 2.873167e-01 3.422736e-01 3.958796e-01 4.479232e-01 4.981992e-01 5.465089e-01 5.926618e-01 6.364758e-01 6.777779e-01 7.164051e-01 7.522050e-01 7.850363e-01 8.147693e-01 8.412869e-01 8.644843e-01 8.842700e-01 9.005658e-01 9.133076e-01 9.224449e-01 9.279418e-01 9.297765e-01 9.279418e-01 9.224449e-01 9.133076e-01 9.005658e-01 8.842700e-01 8.644843e-01 8.412869e-01 8.147693e-01 7.850363e-01 7.522050e-01 7.164051e-01 6.777779e-01 6.364758e-01 5.926618e-01 5.465089e-01 4.981992e-01 4.479232e-01 3.958796e-01 3.422736e-01 2.873167e-01 2.312260e-01 1.742227e-01 1.165319e-01 5.838115e-02 -0.000000e+00 -5.838115e-02 -1.165319e-01 -1.742227e-01 -2.312260e-01 -2.873167e-01 -3.422736e-01 -3.958796e-01 -4.479232e-01 -4.981992e-01 -5.465089e-01 -5.926618e-01 -6.364758e-01 -6.777779e-01 -7.164051e-01 -7.522050e-01 -7.850363e-01 -8.147693e-01 -8.412869e-01 -8.644843e-01 -8.842700e-01 -9.005658e-01 -9.133076e-01 -9.224449e-01 -9.279418e-01 -9.297765e-01 -9.279418e-01 -9.224449e-01 -9.133076e-01 -9.005658e-01 -8.842700e-01 -8.644843e-01 -8.412869e-01 -8.147693e-01 -7.850363e-01 -7.522050e-01 -7.164051e-01 -6.777779e-01 -6.364758e-01 -5.926618e-01 -5.465089e-01 -4.981992e-01 -4.479232e-01 -3.958796e-01 -3.422736e-01 -2.873167e-01 -2.312260e-01 -1.742227e-01 -1.165319e-01 -5.838115e-02 -1.138648e-16
1.164708e-16 5.971733e-02 1.191990e-01 1.782102e-01 2.365181e-01 2.938926e-01 3.501073e-01 4.049402e-01 4.581750e-01 5.096016e-01 5.590170e-01 6.062262e-01 6.510430e-01 6.932904e-01 7.328016e-01 7.694209e-01 8.030036e-01 8.334172e-01 8.605417e-01 8.842700e-01 9.045085e-01 9.211773e-01 9.342107e-01 9.435572e-01 9.491798e-01 9.510565e-01 9.491798e-01 9.435572e-01 9.342107e-01 9.211773e-01 9.045085e-01 8.842700e-01 8.605417e-01 8.334172e-01 8.030036e-01 7.694209e-01 7.328016e-01 6.932904e-01 6.510430e-01 6.062262e-01 5.590170e-01 5.096016e-01 4.581750e-01 4.049402e-01 3.501073e-01 2.938926e-01 2.365181e-01 1.782102e-01 1.191990e-01 5.971733e-02 -0.000000e+00 -5.971733e-02 -1.191990e-01 -1.782102e-01 -2.365181e-01 -2.938926e-01 -3.501073e-01 -4.049402e-01 -4.581750e-01 -5.096016e-01 -5.590170e-01 -6.062262e-01 -6.510430e-01 -6.932904e-01 -7.328016e-01 -7.694209e-01 -8.030036e-01 -8.334172e-01 -8.605417e-01 -8.842700e-01 -9.045085e-01 -9.211773e-01 -9.342107e-01 -9.435572e-01 -9.491798e-01 -9.510565e-01 -9.491798e-01 -9.435572e-01 -9.342107e-01 -9.211773e-01 -9.045085e-01 -8.842700e-01 -8.605417e-01 -8.334172e-01 -8.030036e-01 -7.694209e-01 -7.328016e-01 -6.932904e-01 -6.510430e-01 -6.062262e-01 -5.590170e-01 -5.096016e-01 -4.581750e-01 -4.049402e-01 -3.501073e-01 -2.938926e-01 -2.365181e-01 -1.782102e-01 -1.191990e-01 -5.971733e-02 -1.164708e-16
1.186172e-16 6.081784e-02 1.213957e-01 1.814944e-01 2.408768e-01 2.993087e-01 3.565592e-01 4.124027e-01 4.666185e-01 5.189928e-01 5.693189e-01 6.173981e-01 6.630408e-01 7.060667e-01 7.463062e-01 7.836002e-01 8.178018e-01 8.487759e-01 8.764002e-01 9.005658e-01 9.211773e-01 9.381533e-01 9.514269e-01 9.609456e-01 9.666719e-01 9.685832e-01 9.666719e-01 9.609456e-01 9.514269e-01 9.381533e-01 9.211773e-01 9.005658e-01 8.764002e-01 8.487759e-01 8.178018e-01 7.836002e-01 7.463062e-01 7.060667e-01 6.630408e-01 6.173981e-01 5.693189e-01 5.189928e-01 4.666185e-01 4.124027e-01 3.565592e-01 2.993087e-01 2.408768e-01 1.814944e-01 1.213957e-01 6.081784e-02 -0.000000e+00 -6.081784e-02 -1.213957e-01 -1.814944e-01 -2.408768e-01 -2.993087e-01 -3.565592e-01 -4.124027e-01 -4.666185e-01 -5.189928e-01 -5.693189e-01 -6.173981e-01 -6.630408e-01 -7.060667e-01 -7.463062e-01 -7.836002e-01 -8.178018e-01 -8.487759e-01 -8.764002e-01 -9.005658e-01 -9.211773e-01 -9.381533e-01 -9.514269e-01 -9.609456e-01 -9.666719e-01 -9.685832e-01 -9.666719e-01 -9.609456e-01 -9.514269e-01 -9.381533e-01 -9.211773e-01 -9.005658e-01 -8.764002e-01 -8.487759e-01 -8.178018e-01 -7.836002e-01 -7.463062e-01 -7.060667e-01 -6.630408e-01 -6.173981e-01 -5.693189e-01 -5.189928e-01 -4.666185e-01 -4.124027e-01 -3.565592e-01 -2.993087e-01 -2.408768e-01 -1.814944e-01 -1.213957e-01 -6.081784e-02 -1.186172e-16
1.202955e-16 6.167833e-02 1.231132e-01 1.840623e-01 2.442849e-01 3.035435e-01 3.616041e-01 4.182376e-01 4.732205e-01 5.263358e-01 5.773740e-01 6.261335e-01 6.724219e-01 7.160566e-01 7.568653e-01 7.946871e-01 8.293726e-01 8.607849e-01 8.888001e-01 9.133076e-01 9.342107e-01 9.514269e-01 9.648882e-01 9.745416e-01 9.803489e-01 9.822873e-01 9.803489e-01 9.745416e-01 9.648882e-01 9.514269e-01 9.342107e-01 9.133076e-01 8.888001e-01 8.607849e-01 8.293726e-01 7.946871e-01 7.568653e-01 7.160566e-01 6.724219e-01 6.261335e-01 5.773740e-01 5.263358e-01 4.732205e-01 4.182376e-01 3.616041e-01 3.035435e-01 2.442849e-01 1.840623e-01 1.231132e-01 6.167833e-02 -0.000000e+00 -6.167833e-02 -1.231132e-01 -1.840623e-01 -2.442849e-01 -3.035435e-01 -3.616041e-01 -4.182376e-01 -4.732205e-01 -5.263358e-01 -5.773740e-01 -6.261335e-01 -6.724219e-01 -7.160566e-01 -7.568653e-01 -7.946871e-01 -8.293726e-01 -8.607849e-01 -8.888001e-01 -9.133076e-01 -9.342107e-01 -9.514269e-01 -9.648882e-01 -9.745416e-01 -9.803489e-01 -9.822873e-01 -9.803489e-01 -9.745416e-01 -9.648882e-01 -9.514269e-01 -9.342107e-01 -9.133076e-01 -8.888001e-01 -8.607849e-01 -8.293726e-01 -7.946871e-01 -7.568653e-01 -7.160566e-01 -6.724219e-01 -6.261335e-01 -5.773740e-01 -5.263358e-01 -4.732205e-01 -4.182376e-01 -3.616041e-01 -3.035435e-01 -2.442849e-01 -1.840623e-01 -1.231132e-01 -6.167833e-02 -1.202955e-16
1.214990e-16 6.229540e-02 1.243449e-01 1.859038e-01 2.467289e-01 3.065803e-01 3.652218e-01 4.224219e-01 4.779549e-01 5.316016e-01 5.831504e-01 6.323977e-01 6.791492e-01 7.232205e-01 7.644375e-01 8.026377e-01 8.376701e-01 8.693967e-01 8.976922e-01 9.224449e-01 9.435572e-01 9.609456e-01 9.745416e-01 9.842916e-01 9.901570e-01 9.921147e-01 9.901570e-01 9.842916e-01 9.745416e-01 9.609456e-01 9.435572e-01 9.224449e-01 8.976922e-01 8.693967e-01 8.376701e-01 8.026377e-01 7.644375e-01 7.232205e-01 6.791492e-01 6.323977e-01 5.831504e-01 5.316016e-01 4.779549e-01 4.224219e-01 3.652218e-01 3.065803e-01 2.467289e-01 1.859038e-01 1.243449e-01 6.229540e-02 -0.000000e+00 -6.229540e-02 -1.243449e-01 -1.859038e-01 -2.467289e-01 -3.065803e-01 -3.652218e-01 -4.224219e-01 -4.779549e-01 -5.316016e-01 -5.831504e-01 -6.323977e-01 -6.791492e-01 -7.232205e-01 -7.644375e-01 -8.026377e-01 -8.376701e-01 -8.693967e-01 -8.976922e-01 -9.224449e-01 -9.435572e-01 -9.609456e-01 -9.745416e-01 -9.842916e-01 -9.901570e-01 -9.921147e-01 -9.901570e-01 -9.842916e-01 -9.745416e-01 -9.609456e-01 -9.435572e-01 -9.224449e-01 -8.976922e-01 -8.693967e-01 -8.376701e-01 -8.026377e-01 -7.644375e-01 -7.232205e-01 -6.791492e-01 -6.323977e-01 -5.831504e-01 -5.316016e-01 -4.779549e-01 -4.224219e-01 -3.652218e-01 -3.065803e-01 -2.467289e-01 -1.859038e-01 -1.243449e-01 -6.229540e-02 -1.214990e-16
1.222230e-16 6.266662e-02 1.250859e-01 1.870116e-01 2.481992e-01 3.084072e-01 3.673981e-01 4.249391e-01 4.808030e-01 5.347695e-01 5.866254e-01 6.361662e-01 6.831963e-01 7.275302e-01 7.689928e-01 8.074206e-01 8.426618e-01 8.745775e-01 9.030416e-01 9.279418e-01 9.491798e-01 9.666719e-01 9.803489e-01 9.901570e-01 9.960574e-01 9.980267e-01 9.960574e-01 9.901570e-01 9.803489e-01 9.666719e-01 9.491798e-01 9.279418e-01 9.030416e-01 8.745775e-01 8.426618e-01 8.074206e-01 7.689928e-01 7.275302e-01 6.831963e-01 6.361662e-01 5.866254e-01 5.347695e-01 4.808030e-01 4.249391e-01 3.673981e-01 3.084072e-01 2.481992e-01 1.870116e-01 1.250859e-01 6.266662e-02 -0.000000e+00 -6.266662e-02 -1.250859e-01 -1.870116e-01 -2.481992e-01 -3.084072e-01 -3.673981e-01 -4.249391e-01 -4.808030e-01 -5.347695e-01 -5.866254e-01 -6.361662e-01 -6.831963e-01 -7.275302e-01 -7.689928e-01 -8.074206e-01 -8.426618e-01 -8.745775e-01 -9.030416e-01 -9.279418e-01 -9.491798e-01 -9.666719e-01 -9.803489e-01 -9.901570e-01 -9.960574e-01 -9.980267e-01 -9.960574e-01 -9.901570e-01 -9.803489e-01 -9.666719e-01 -9.491798e-01 -9.279418e-01 -9.030416e-01 -8.745775e-01 -8.426618e-01 -8.074206e-01 -7.689928e-01 -7.275302e-01 -6.831963e-01 -6.361662e-01 -5.866254e-01 -5.347695e-01 -4.808030e-01 -4.249391e-01 -3.673981e-01 -3.084072e-01 -2.481992e-01 -1.870116e-01 -1.250859e-01 -6.266662e-02 -1.222230e-16
1.224647e-16 6.279052e-02 1.253332e-01 1.873813e-01 2.486899e-01 3.090170e-01 3.681246e-01 4.257793e-01 4.817537e-01 5.358268e-01 5.877853e-01 6.374240e-01 6.845471e-01 7.289686e-01 7.705132e-01 8.090170e-01 8.443279e-01 8.763067e-01 9.048271e-01 9.297765e-01 9.510565e-01 9.685832e-01 9.822873e-01 9.921147e-01 9.980267e-01 1.000000e+00 9.980267e-01 9.921147e-01 9.822873e-01 9.685832e-01 9.510565e-01 9.297765e-01 9.048271e-01 8.763067e-01 8.443279e-01 8.090170e-01 7.705132e-01 7.289686e-01 6.845471e-01 6.374240e-01 5.877853e-01 5.358268e-01 4.817537e-01 4.257793e-01 3.681246e-01 3.090170e-01 2.486899e-01 1.873813e-01 1.253332e-01 6.279052e-02 -0.000000e+00 -6.279052e-02 -1.253332e-01 -1.873813e-01 -2.486899e-01 -3.090170e-01 -3.681246e-01 -4.257793e-01 -4.817537e-01 -5.358268e-01 -5.877853e-01 -6.374240e-01 -6.845471e-01 -7.289686e-01 -7.705132e-01 -8.090170e-01 -8.443279e-01 -8.763067e-01 -9.048271e-01 -9.297765e-01 -9.510565e-01 -9.685832e-01 -9.822873e-01 -9.921147e-01 -9.980267e-01 -1.000000e+00 -9.980267e-01 -9.921147e-01 -9.822873e-01 -9.685832e-01 -9.510565e-01 -9.297765e-01 -9.048271e-01 -8.763067e-01 -8.443279e-01 -8.090170e-01 -7.705132e-01 -7.289686e-01 -6.845471e-01 -6.374240e-01 -5.877853e-01 -5.358268e-01 -4.817537e-01 -4.257793e-01 -3.681246e-01 -3.090170e-01 -2.486899e-01 -1.873813e-01 -1.253332e-01 -6.279052e-02 -1.224647e-16
1.222230e-16 6.266662e-02 1.250859e-01 1.870116e-01 2.481992e-01 3.084072e-01 3.673981e-01 4.249391e-01 4.808030e-01 5.347695e-01 5.866254e-01 6.361662e-01 6.831963e-01 7.275302e-01 7.689928e-01 8.074206e-01 8.426618e-01 8.745775e-01 9.030416e-01 9.279418e-01 9.491798e-01 9.666719e-01 9.803489e-01 9.901570e-01 9.960574e-01 9.980267e-01 9.960574e-01 9.901570e-01 9.803489e-01 9.666719e-01 9.491798e-01 9.279418e-01 9.030416e-01 8.745775e-01 8.426618e-01 8.074206e-01 7.689928e-01 7.275302e-01 6.831963e-01 6.361662e-01 5.866254e-01 5.347695e-01 4.808030e-01 4.249391e-01 3.673981e-01 3.084072e-01 2.481992e-01 1.870116e-01 1.250859e-01 6.266662e-02 -0.000000e+00 -6.266662e-02 -1.250859e-01 -1.870116e-01 -2.481992e-01 -3.084072e-01 -3.673981e-01 -4.249391e-01 -4.808030e-01 -5.347695e-01 -5.866254e-01 -6.361662e-01 -6.831963e-01 -7.275302e-01 -7.689928e-01 -8.074206e-01 -8.426618e-01 -8.745775e-01 -9.030416e-01 -9.279418e-01 -9.491798e-01 -9.666719e-01 -9.803489e-01 -9.901570e-01 -9.960574e-01 -9.980267e-01 -9.960574e-01 -9.901570e-01 -9.803489e-01 -9.666719e-01 -9.491798e-01 -9.279418e-01 -9.030416e-01 -8.745775e-01 -8.426618e-01 -8.074206e-01 -7.689928e-01 -7.275302e-01 -6.831963e-01 -6.361662e-01 -5.866254e-01 -5.347695e-01 -4.808030e-01 -4.249391e-01 -3.673981e-01 -3.084072e-01 -2.481992e-01 -1.870116e-01 -1.250859e-01 -6.266662e-02 -1.222230e-16
1.214990e-16 6.229540e-02 1.243449e-01 1.859038e-01 2.467289e-01 3.065803e-01 3.652218e-01 4.224219e-01 4.779549e-01 5.316016e-01 5.831504e-01 6.323977e-01 6.791492e-01 7.232205e-01 7.644375e-01 8.026377e-01 8.376701e-01 8.693967e-01 8.976922e-01 9.224449e-01 9.435572e-01 9.609456e-01 9.745416e-01 9.842916e-01 9.901570e-01 9.921147e-01 9.901570e-01 9.842916e-01 9.745416e-01 9.609456e-01 9.435572e-01 9.224449e-01 8.976922e-01 8.693967e-01 8.376701e-01 8.026377e-01 7.644375e-01 7.232205e-01 6.791492e-01 6.323977e-01 5.831504e-01 5.316016e-01 4.779549e-01 4.224219e-01 3.652218e-01 3.065803e-01 2.467289e-01 1.859038e-01 1.243449e-01 6.229540e-02 -0.000000e+00 -6.229540e-02 -1.243449e-01 -1.859038e-01 -2.467289e-01 -3.065803e-01 -3.652218e-01 -4.224219e-01 -4.779549e-01 -5.316016e-01 -5.831504e-01 -6.323977e-01 -6.791492e-01 -7.232205e-01 -7.644375e-01 -8.026377e-01 -8.376701e-01 -8.693967e-01 -8.976922e-01 -9.224449e-01 -9.435572e-01 -9.609456e-01 -9.745416e-01 -9.842916e-01 -9.901570e-01 -9.921147e-01 -9.901570e-01 -9.842916e-01 -9.745416e-01 -9.609456e-01 -9.435572e-01 -9.224449e-01 -8.976922e-01 -8.693967e-01 -8.376701e-01 -8.026377e-01 -7.644375e-01 -7.232205e-01 -6.791492e-01 -6.323977e-01 -5.831504e-01 -5.316016e-01 -4.779549e-01 -4.224219e-01 -3.652218e-01 -3.065803e-01 -2.467289e-01 -1.859038e-01 -1.243449e-01 -6.229540e-02 -1.214990e-16
1.202955e-16 6.167833e-02 1.231132e-01 1.840623e-01 2.442849e-01 3.035435e-01 3.616041e-01 4.182376e-01 4.732205e-01 5.263358e-01 5.773740e-01 6.261335e-01 6.724219e-01 7.160566e-01 7.568653e-01 7.946871e-01 8.293726e-01 8.607849e-01 8.888001e-01 9.133076e-01 9.342107e-01 9.514269e-01 9.648882e-01 9.745416e-01 9.803489e-01 9.822873e-01 9.803489e-01 9.745416e-01 9.648882e-01 9.514269e-01 9.342107e-01 9.133076e-01 8.888001e-01 8.607849e-01 8.293726e-01 7.946871e-01 7.568653e-01 7.160566e-01 6.724219e-01 6.261335e-01 5.773740e-01 5.263358e-01 4.732205e-01 4.182376e-01 3.616041e-01 3.035435e-01 2.442849e-01 1.840623e-01 1.231132e-01 6.167833e-02 -0.000000e+00 -6.167833e-02 -1.231132e-01 -1.840623e-01 -2.442849e-01 -3.035435e-01 -3.616041e-01 -4.182376e-01 -4.732205e-01 -5.263358e-01 -5.773740e-01 -6.261335e-01 -6.724219e-01 -7.160566e-01 -7.568653e-01 -7.946871e-01 -8.293726e-01 -8.607849e-01 -8.888001e-01 -9.133076e-01 -9.342107e-01 -9.514269e-01 -9.648882e-01 -9.745416e-01 -9.803489e-01 -9.822873e-01 -9.803489e-01 -9.745416e-01 -9.648882e-01 -9.514269e-01 -9.342107e-01 -9.133076e-01 -8.888001e-01 -8.607849e-01 -8.293726e-01 -7.946871e-01 -7.568653e-01 -7.160566e-01 -6.724219e-01 -6.261335e-01 -5.773740e-01 -5.263358e-01 -4.732205e-01 -4.182376e-01 -3.616041e-01 -3.035435e-01 -2.442849e-01 -1.840623e-01 -1.231132e-01 -6.167833e-02 -1.202955e-16
